1714080416540,
1714080416741,
1714080416941,
1714080417139,
1714080417339,
1714080417539,
1714080417740,
1714080417940,
1714080418139,
1714080418339,
1714080418539,
1714080418739,
1714080418939,
1714080419139,
1714080419339,
1714080419540,
1714080419740,
1714080419939,
1714080420139,
1714080420339,
1714080420540,
1714080420740,
1714080420939,
1714080421140,
1714080421339,
1714080421540,
1714080421739,
1714080421939,
1714080422139,
1714080422339,
1714080422540,
1714080422740,
1714080422939,
1714080423139,
1714080423339,
1714080423540,
1714080423749,
1714080423949,
1714080424149,
1714080424350,
1714080424549,
1714080424750,
1714080424949,
1714080425150,
1714080425349,
1714080425549,
1714080425749,
1714080425949,
1714080426149,
1714080426349,
1714080426549,
1714080426749,
1714080426950,
1714080427149,
1714080427350,
1714080427549,
1714080427750,
1714080427949,
1714080428149,
1714080428349,
1714080428549,
1714080428749,
1714080428949,
1714080429149,
1714080429349,
1714080429549,
1714080429749,
1714080429950,
1714080430150,
1714080430349,
1714080430550,
1714080430750,
1714080430949,
1714080431150,
1714080431350,
1714080431549,
1714080431750,
1714080431949,
1714080432149,
1714080432349,
1714080432549,
1714080432749,
1714080432949,
1714080433149,
1714080433349,
1714080433549,
1714080433749,
1714080433949,
1714080434150,
1714080434350,
1714080434549,
1714080434749,
1714080434949,
1714080435149,
1714080435349,
1714080435549,
1714080435750,
1714080435949,
1714080436149,
1714080436349,
1714080436550,
1714080436750,
1714080436950,
1714080437150,
1714080437349,
1714080437550,
1714080437749,
1714080437950,
1714080438149,
1714080438349,
1714080438549,
1714080438750,
1714080438950,
1714080439149,
1714080439350,
1714080439550,
1714080439750,
1714080439950,
1714080440149,
1714080440350,
1714080440549,
1714080440749,
1714080440949,
1714080441149,
1714080441349,
1714080441550,
1714080441749,
1714080441950,
1714080442150,
1714080442349,
1714080442550,
1714080442750,
1714080442950,
1714080443149,
1714080443349,
1714080443550,
1714080443749,
1714080443950,
1714080444150,
1714080444349,
1714080444550,
1714080444750,
1714080444950,
1714080445149,
1714080445350,
1714080445550,
1714080445750,
1714080445949,
1714080446150,
1714080446350,
1714080446550,
1714080446750,
1714080446950,
1714080447150,
1714080447349,
1714080447550,
1714080447750,
1714080447949,
1714080448150,
1714080448349,
1714080448550,
1714080448750,
1714080448949,
1714080449149,
1714080449350,
1714080449550,
1714080449750,
1714080449949,
1714080450149,
1714080450349,
1714080450550,
1714080450749,
1714080450949,
1714080451150,
1714080451350,
1714080451549,
1714080451749,
1714080451950,
1714080452150,
1714080452349,
1714080452549,
1714080452750,
1714080452950,
1714080453150,
1714080453350,
1714080453549,
1714080453749,
1714080453950,
1714080454149,
1714080454349,
1714080454549,
1714080454750,
1714080454949,
1714080455150,
1714080455350,
1714080455550,
1714080455749,
1714080455950,
1714080456150,
1714080456350,
1714080456549,
1714080456749,
1714080456949,
1714080457150,
1714080457349,
1714080457549,
1714080457750,
1714080457949,
1714080458150,
1714080458350,
1714080458550,
1714080458750,
1714080458950,
1714080459149,
1714080459349,
1714080459550,
1714080459750,
1714080459949,
1714080460149,
1714080460349,
1714080460549,
1714080460750,
1714080460949,
1714080461149,
1714080461349,
1714080461549,
1714080461749,
1714080461949,
1714080462150,
1714080462350,
1714080462549,
1714080462750,
1714080462949,
1714080463150,
1714080463350,
1714080463549,
1714080463750,
1714080463950,
1714080464150,
1714080464350,
1714080464550,
1714080464750,
1714080464949,
1714080465149,
1714080465349,
1714080465550,
1714080465750,
1714080465949,
1714080466150,
1714080466350,
1714080466549,
1714080466749,
1714080466949,
1714080467150,
1714080467349,
1714080467550,
1714080467749,
1714080467950,
1714080468150,
1714080468349,
1714080468549,
1714080468749,
1714080468950,
1714080469150,
1714080469350,
1714080469550,
1714080469749,
1714080469949,
1714080470149,
1714080470349,
1714080470550,
1714080470750,
1714080470950,
1714080471150,
1714080471350,
1714080471549,
1714080471749,
1714080471949,
1714080472153,
1714080472349,
1714080472549,
1714080472749,
1714080472949,
1714080473150,
1714080473350,
1714080473549,
1714080473750,
1714080473950,
1714080474149,
1714080474350,
1714080474550,
1714080474749,
1714080474950,
1714080475149,
1714080475349,
1714080475549,
1714080475750,
1714080475950,
1714080476149,
1714080476350,
1714080476549,
1714080476750,
1714080476949,
1714080477150,
1714080477350,
1714080477549,
1714080477750,
1714080477950,
1714080478149,
1714080478350,
1714080478549,
1714080478750,
1714080478950,
1714080479149,
1714080479349,
1714080479550,
1714080479750,
1714080479949,
1714080480150,
1714080480350,
1714080480550,
1714080480750,
1714080480949,
1714080481150,
1714080481350,
1714080481549,
1714080481749,
1714080481949,
1714080482149,
1714080482349,
1714080482550,
1714080482749,
1714080482949,
1714080483149,
1714080483350,
1714080483549,
1714080483750,
1714080483950,
1714080484150,
1714080484349,
1714080484549,
1714080484750,
1714080484950,
1714080485150,
1714080485350,
1714080485550,
1714080485750,
1714080485950,
1714080486150,
1714080486349,
1714080486550,
1714080486750,
1714080486950,
1714080487150,
1714080487350,
1714080487549,
1714080487750,
1714080487950,
1714080488150,
1714080488350,
1714080488550,
1714080488750,
1714080488950,
1714080489150,
1714080489350,
1714080489550,
1714080489750,
1714080489950,
1714080490150,
1714080490350,
1714080490550,
1714080490749,
1714080490950,
1714080491149,
1714080491350,
1714080491550,
1714080491749,
1714080491950,
1714080492150,
1714080492350,
1714080492550,
1714080492750,
1714080492950,
1714080493150,
1714080493350,
1714080493550,
1714080493749,
1714080493950,
1714080494150,
1714080494349,
1714080494549,
1714080494750,
1714080494950,
1714080495150,
1714080495350,
1714080495550,
1714080495750,
1714080495950,
1714080496150,
1714080496349,
1714080496550,
1714080496750,
1714080496950,
1714080497149,
1714080497350,
1714080497550,
1714080497750,
1714080497950,
1714080498150,
1714080498350,
1714080498550,
1714080498750,
1714080498950,
1714080499150,
1714080499349,
1714080499550,
1714080499750,
1714080499950,
1714080500150,
1714080500350,
1714080500550,
1714080500750,
1714080500950,
1714080501149,
1714080501350,
1714080501550,
1714080501750,
1714080501950,
1714080502150,
1714080502350,
1714080502549,
1714080502750,
1714080502949,
1714080503150,
1714080503350,
1714080503550,
1714080503750,
1714080503950,
1714080504150,
1714080504349,
1714080504550,
1714080504750,
1714080504950,
1714080505150,
1714080505350,
1714080505549,
1714080505750,
1714080505949,
1714080506150,
1714080506350,
1714080506550,
1714080506749,
1714080506950,
1714080507149,
1714080507350,
1714080507549,
1714080507750,
1714080507950,
1714080508150,
1714080508350,
1714080508549,
1714080508749,
1714080508950,
1714080509150,
1714080509350,
1714080509550,
1714080509750,
1714080509950,
1714080510150,
1714080510350,
1714080510549,
1714080510750,
1714080510950,
1714080511150,
1714080511350,
1714080511550,
1714080511749,
1714080511950,
1714080512150,
1714080512350,
1714080512550,
1714080512750,
1714080512950,
1714080513150,
1714080513349,
1714080513550,
1714080513750,
1714080513950,
1714080514150,
1714080514350,
1714080514550,
1714080514750,
1714080514950,
1714080515150,
1714080515350,
1714080515550,
1714080515750,
1714080515950,
1714080516150,
1714080516350,
1714080516550,
1714080516750,
1714080516950,
1714080517150,
1714080517350,
1714080517550,
1714080517750,
1714080517950,
1714080518150,
1714080518350,
1714080518550,
1714080518750,
1714080518950,
1714080519150,
1714080519350,
1714080519550,
1714080519750,
1714080519950,
1714080520150,
1714080520350,
1714080520550,
1714080520749,
1714080520950,
1714080521150,
1714080521350,
1714080521550,
1714080521750,
1714080521950,
1714080522150,
1714080522350,
1714080522550,
1714080522750,
1714080522950,
1714080523150,
1714080523350,
1714080523550,
1714080523750,
1714080523950,
1714080524150,
1714080524350,
1714080524550,
1714080524750,
1714080524950,
1714080525150,
1714080525350,
1714080525550,
1714080525750,
1714080525950,
1714080526150,
1714080526350,
1714080526550,
1714080526750,
1714080526950,
1714080527150,
1714080527350,
1714080527550,
1714080527750,
1714080527949,
1714080528149,
1714080528350,
1714080528550,
1714080528750,
1714080528950,
1714080529150,
1714080529350,
1714080529549,
1714080529750,
1714080529950,
1714080530149,
1714080530349,
1714080530550,
1714080530750,
1714080530950,
1714080531150,
1714080531350,
1714080531549,
1714080531749,
1714080531950,
1714080532150,
1714080532350,
1714080532550,
1714080532750,
1714080532950,
1714080533150,
1714080533350,
1714080533549,
1714080533749,
1714080533949,
1714080534150,
1714080534350,
1714080534550,
1714080534750,
1714080534950,
1714080535150,
1714080535350,
1714080535550,
1714080535750,
1714080535950,
1714080536149,
1714080536350,
1714080536550,
1714080536749,
1714080536949,
1714080537150,
1714080537349,
1714080537550,
1714080537750,
1714080537950,
1714080538153,
1714080538350,
1714080538550,
1714080538750,
1714080538950,
1714080539150,
1714080539350,
1714080539550,
1714080539750,
1714080539950,
1714080540150,
1714080540350,
1714080540550,
1714080540750,
1714080540950,
1714080541150,
1714080541350,
1714080541549,
1714080541750,
1714080541950,
1714080542150,
1714080542350,
1714080542550,
1714080542750,
1714080542950,
1714080543150,
1714080543350,
1714080543550,
1714080543750,
1714080543950,
1714080544150,
1714080544350,
1714080544550,
1714080544750,
1714080544950,
1714080545150,
1714080545360,
1714080545560,
1714080545760,
1714080545960,
1714080546160,
1714080546360,
1714080546560,
1714080546760,
1714080546960,
1714080547159,
1714080547360,
1714080547560,
1714080547759,
1714080547959,
1714080548159,
1714080548359,
1714080548559,
1714080548759,
1714080548959,
1714080549159,
1714080549360,
1714080549560,
1714080549760,
1714080549959,
1714080550160,
1714080550359,
1714080550560,
1714080550760,
1714080550959,
1714080551159,
1714080551360,
1714080551560,
1714080551760,
1714080551960,
1714080552160,
1714080552359,
1714080552560,
1714080552760,
1714080552960,
1714080553160,
1714080553359,
1714080553559,
1714080553760,
1714080553959,
1714080554159,
1714080554359,
1714080554559,
1714080554759,
1714080554959,
1714080555159,
1714080555359,
1714080555559,
1714080555759,
1714080555959,
1714080556160,
1714080556360,
1714080556560,
1714080556760,
1714080556960,
1714080557160,
1714080557359,
1714080557559,
1714080557760,
1714080557959,
1714080558159,
1714080558359,
1714080558559,
1714080558760,
1714080558960,
1714080559160,
1714080559359,
1714080559560,
1714080559759,
1714080559959,
1714080560160,
1714080560359,
1714080560559,
1714080560759,
1714080560959,
1714080561169,
1714080561369,
1714080561569,
1714080561769,
1714080561969,
1714080562169,
1714080562369,
1714080562570,
1714080562769,
1714080562969,
1714080563169,
1714080563369,
1714080563569,
1714080563769,
1714080563969,
1714080564169,
1714080564369,
1714080564570,
1714080564769,
1714080564970,
1714080565169,
1714080565369,
1714080565570,
1714080565769,
1714080565969,
1714080566169,
1714080566369,
1714080566569,
1714080566769,
1714080566969,
1714080567169,
1714080567369,
1714080567569,
1714080567769,
1714080567969,
1714080568169,
1714080568369,
1714080568569,
1714080568769,
1714080568969,
1714080569169,
1714080569369,
1714080569569,
1714080569769,
1714080569969,
1714080570169,
1714080570369,
1714080570569,
1714080570769,
1714080570969,
1714080571169,
1714080571369,
1714080571569,
1714080571769,
1714080571969,
1714080572169,
1714080572369,
1714080572569,
1714080572769,
1714080572969,
1714080573169,
1714080573369,
1714080573569,
1714080573769,
1714080573969,
1714080574169,
1714080574369,
1714080574569,
1714080574769,
1714080574969,
1714080575169,
1714080575369,
1714080575569,
1714080575769,
1714080575969,
1714080576169,
1714080576369,
1714080576569,
1714080576769,
1714080576969,
1714080577169,
1714080577369,
1714080577569,
1714080577769,
1714080577969,
1714080578169,
1714080578369,
1714080578569,
1714080578769,
1714080578969,
1714080579169,
1714080579369,
1714080579569,
1714080579769,
1714080579969,
1714080580169,
1714080580369,
1714080580569,
1714080580769,
1714080580969,
1714080581169,
1714080581369,
1714080581569,
1714080581769,
1714080581969,
1714080582169,
1714080582369,
1714080582569,
1714080582769,
1714080582969,
1714080583169,
1714080583369,
1714080583569,
1714080583769,
1714080583969,
1714080584169,
1714080584369,
1714080584569,
1714080584769,
1714080584969,
1714080585169,
1714080585369,
1714080585569,
1714080585769,
1714080585969,
1714080586169,
1714080586369,
1714080586569,
1714080586769,
1714080586969,
1714080587169,
1714080587369,
1714080587569,
1714080587769,
1714080587969,
1714080588169,
1714080588369,
1714080588569,
1714080588770,
1714080588969,
1714080589169,
1714080589369,
1714080589569,
1714080589769,
1714080589969,
1714080590169,
1714080590369,
1714080590569,
1714080590769,
1714080590969,
1714080591169,
1714080591370,
1714080591569,
1714080591770,
1714080591970,
1714080592169,
1714080592369,
1714080592569,
1714080592769,
1714080592969,
1714080593170,
1714080593369,
1714080593569,
1714080593769,
1714080593969,
1714080594169,
1714080594369,
1714080594569,
1714080594769,
1714080594969,
1714080595169,
1714080595369,
1714080595569,
1714080595769,
1714080595969,
1714080596169,
1714080596369,
1714080596569,
1714080596769,
1714080596969,
1714080597169,
1714080597369,
1714080597569,
1714080597769,
1714080597969,
1714080598169,
1714080598369,
1714080598570,
1714080598769,
1714080598969,
1714080599169,
1714080599369,
1714080599569,
1714080599769,
1714080599969,
1714080600169,
1714080600369,
1714080600569,
1714080600769,
1714080600969,
1714080601169,
1714080601369,
1714080601569,
1714080601769,
1714080601969,
1714080602179,
1714080602379,
1714080602579,
1714080602779,
1714080602979,
1714080603179,
1714080603379,
1714080603579,
1714080603779,
1714080603979,
1714080604179,
1714080604379,
1714080604579,
1714080604779,
1714080604979,
1714080605179,
1714080605379,
1714080605579,
1714080605779,
1714080605979,
1714080606179,
1714080606379,
1714080606579,
1714080606779,
1714080606979,
1714080607179,
1714080607379,
1714080607579,
1714080607779,
1714080607979,
1714080608179,
1714080608379,
1714080608579,
1714080608779,
1714080608979,
1714080609179,
1714080609379,
1714080609579,
1714080609779,
1714080609979,
1714080610179,
1714080610379,
1714080610579,
1714080610779,
1714080610979,
1714080611179,
1714080611379,
1714080611579,
1714080611779,
1714080611979,
1714080612179,
1714080612379,
1714080612579,
1714080612779,
1714080612979,
1714080613179,
1714080613380,
1714080613580,
1714080613780,
1714080613980,
1714080614180,
1714080614380,
1714080614580,
1714080614780,
1714080614980,
1714080615180,
1714080615380,
1714080615580,
1714080615780,
1714080615980,
1714080616180,
1714080616380,
1714080616580,
1714080616780,
1714080616980,
1714080617180,
1714080617380,
1714080617580,
1714080617780,
1714080617980,
1714080618180,
1714080618380,
1714080618580,
1714080618780,
1714080618980,
1714080619180,
1714080619380,
1714080619580,
1714080619780,
1714080619980,
1714080620180,
1714080620380,
1714080620580,
1714080620780,
1714080620980,
1714080621180,
1714080621380,
1714080621580,
1714080621780,
1714080621980,
1714080622180,
1714080622380,
1714080622580,
1714080622780,
1714080622980,
1714080623180,
1714080623380,
1714080623580,
1714080623780,
1714080623980,
1714080624180,
1714080624380