1714080420514,
1714080420606,
1714080420866,
1714080421046,
1714080421245,
1714080421445,
1714080421645,
1714080421845,
1714080422043,
1714080422244,
1714080422444,
1714080422644,
1714080422844,
1714080423043,
1714080423242,
1714080423442,
1714080423642,
1714080423842,
1714080424042,
1714080424249,
1714080424449,
1714080424649,
1714080424849,
1714080425048,
1714080425249,
1714080425450,
1714080425648,
1714080425847,
1714080426047,
1714080426247,
1714080426447,
1714080426647,
1714080426847,
1714080427047,
1714080427247,
1714080427445,
1714080427644,
1714080427844,
1714080428046,
1714080428245,
1714080428442,
1714080428642,
1714080428844,
1714080429043,
1714080429241,
1714080429441,
1714080429640,
1714080429840,
1714080430040,
1714080430239,
1714080430438,
1714080430638,
1714080430839,
1714080431038,
1714080431237,
1714080431437,
1714080431635,
1714080431835,
1714080432035,
1714080432234,
1714080432435,
1714080432633,
1714080432834,
1714080433032,
1714080433234,
1714080433431,
1714080433632,
1714080433831,
1714080434031,
1714080434229,
1714080434430,
1714080434629,
1714080434828,
1714080435029,
1714080435226,
1714080435427,
1714080435628,
1714080435826,
1714080436026,
1714080436226,
1714080436424,
1714080436623,
1714080436824,
1714080437022,
1714080437222,
1714080437421,
1714080437620,
1714080437820,
1714080438019,
1714080438220,
1714080438419,
1714080438620,
1714080438818,
1714080439019,
1714080439217,
1714080439417,
1714080439618,
1714080439817,
1714080440016,
1714080440217,
1714080440413,
1714080440615,
1714080440814,
1714080441013,
1714080441213,
1714080441412,
1714080441611,
1714080441811,
1714080442012,
1714080442211,
1714080442411,
1714080442610,
1714080442808,
1714080443007,
1714080443207,
1714080443407,
1714080443606,
1714080443805,
1714080444005,
1714080444206,
1714080444406,
1714080444604,
1714080444805,
1714080445005,
1714080445203,
1714080445404,
1714080445605,
1714080445806,
1714080446006,
1714080446200,
1714080446400,
1714080446603,
1714080446800,
1714080446999,
1714080447198,
1714080447398,
1714080447596,
1714080447796,
1714080447995,
1714080448206,
1714080448395,
1714080448596,
1714080448795,
1714080448993,
1714080449192,
1714080449392,
1714080449591,
1714080449792,
1714080449990,
1714080450190,
1714080450390,
1714080450591,
1714080450789,
1714080450989,
1714080451188,
1714080451387,
1714080451588,
1714080451787,
1714080451986,
1714080452187,
1714080452384,
1714080452585,
1714080452785,
1714080452983,
1714080453182,
1714080453383,
1714080453583,
1714080453782,
1714080453982,
1714080454179,
1714080454379,
1714080454580,
1714080454779,
1714080454980,
1714080455179,
1714080455379,
1714080455579,
1714080455777,
1714080455978,
1714080456175,
1714080456375,
1714080456576,
1714080456776,
1714080456975,
1714080457174,
1714080457374,
1714080457572,
1714080457772,
1714080457973,
1714080458171,
1714080458370,
1714080458570,
1714080458770,
1714080458969,
1714080459170,
1714080459367,
1714080459568,
1714080459768,
1714080459967,
1714080460166,
1714080460367,
1714080460566,
1714080460765,
1714080460964,
1714080461165,
1714080461364,
1714080461564,
1714080461764,
1714080461962,
1714080462160,
1714080462359,
1714080462560,
1714080462759,
1714080462960,
1714080463160,
1714080463358,
1714080463556,
1714080463756,
1714080463957,
1714080464156,
1714080464356,
1714080464555,
1714080464756,
1714080464954,
1714080465154,
1714080465355,
1714080465554,
1714080465754,
1714080465953,
1714080466157,
1714080466350,
1714080466549,
1714080466754,
1714080466954,
1714080467149,
1714080467348,
1714080467547,
1714080467748,
1714080467947,
1714080468148,
1714080468345,
1714080468547,
1714080468744,
1714080468944,
1714080469145,
1714080469343,
1714080469544,
1714080469743,
1714080469942,
1714080470142,
1714080470340,
1714080470541,
1714080470741,
1714080470941,
1714080471138,
1714080471337,
1714080471537,
1714080471738,
1714080471938,
1714080472137,
1714080472337,
1714080472535,
1714080472735,
1714080472934,
1714080473133,
1714080473333,
1714080473534,
1714080473732,
1714080473931,
1714080474131,
1714080474333,
1714080474532,
1714080474730,
1714080474930,
1714080475129,
1714080475329,
1714080475527,
1714080475727,
1714080475926,
1714080476125,
1714080476327,
1714080476527,
1714080476726,
1714080476924,
1714080477124,
1714080477325,
1714080477522,
1714080477723,
1714080477923,
1714080478122,
1714080478321,
1714080478519,
1714080478721,
1714080478921,
1714080479119,
1714080479319,
1714080479519,
1714080479718,
1714080479917,
1714080480117,
1714080480317,
1714080480516,
1714080480717,
1714080480915,
1714080481114,
1714080481314,
1714080481514,
1714080481714,
1714080481913,
1714080482113,
1714080482312,
1714080482511,
1714080482711,
1714080482911,
1714080483109,
1714080483309,
1714080483508,
1714080483709,
1714080483907,
1714080484108,
1714080484308,
1714080484507,
1714080484705,
1714080484905,
1714080485104,
1714080485305,
1714080485505,
1714080485705,
1714080485904,
1714080486104,
1714080486304,
1714080486504,
1714080486704,
1714080486900,
1714080487100,
1714080487300,
1714080487498,
1714080487699,
1714080487901,
1714080488097,
1714080488296,
1714080488497,
1714080488697,
1714080488895,
1714080489094,
1714080489293,
1714080489494,
1714080489692,
1714080489892,
1714080490091,
1714080490292,
1714080490492,
1714080490690,
1714080490892,
1714080491089,
1714080491290,
1714080491490,
1714080491688,
1714080491888,
1714080492087,
1714080492287,
1714080492486,
1714080492686,
1714080492886,
1714080493084,
1714080493284,
1714080493486,
1714080493683,
1714080493883,
1714080494082,
1714080494281,
1714080494482,
1714080494682,
1714080494880,
1714080495079,
1714080495279,
1714080495479,
1714080495677,
1714080495877,
1714080496079,
1714080496278,
1714080496477,
1714080496675,
1714080496875,
1714080497076,
1714080497275,
1714080497475,
1714080497675,
1714080497875,
1714080498072,
1714080498272,
1714080498473,
1714080498672,
1714080498870,
1714080499071,
1714080499271,
1714080499469,
1714080499669,
1714080499867,
1714080500068,
1714080500266,
1714080500467,
1714080500666,
1714080500865,
1714080501066,
1714080501265,
1714080501463,
1714080501665,
1714080501865,
1714080502063,
1714080502264,
1714080502461,
1714080502663,
1714080502861,
1714080503061,
1714080503261,
1714080503459,
1714080503659,
1714080503857,
1714080504057,
1714080504257,
1714080504457,
1714080504657,
1714080504855,
1714080505056,
1714080505255,
1714080505454,
1714080505655,
1714080505854,
1714080506054,
1714080506254,
1714080506454,
1714080506654,
1714080506854,
1714080507054,
1714080507250,
1714080507449,
1714080507647,
1714080507850,
1714080508048,
1714080508247,
1714080508447,
1714080508648,
1714080508846,
1714080509046,
1714080509245,
1714080509446,
1714080509646,
1714080509843,
1714080510044,
1714080510243,
1714080510441,
1714080510641,
1714080510841,
1714080511042,
1714080511239,
1714080511439,
1714080511640,
1714080511840,
1714080512040,
1714080512237,
1714080512438,
1714080512637,
1714080512836,
1714080513037,
1714080513235,
1714080513434,
1714080513634,
1714080513835,
1714080514032,
1714080514234,
1714080514433,
1714080514633,
1714080514830,
1714080515031,
1714080515230,
1714080515429,
1714080515631,
1714080515831,
1714080516030,
1714080516229,
1714080516429,
1714080516626,
1714080516828,
1714080517026,
1714080517226,
1714080517425,
1714080517624,
1714080517824,
1714080518023,
1714080518222,
1714080518422,
1714080518622,
1714080518822,
1714080519021,
1714080519221,
1714080519420,
1714080519621,
1714080519819,
1714080520018,
1714080520219,
1714080520419,
1714080520618,
1714080520816,
1714080521017,
1714080521216,
1714080521416,
1714080521616,
1714080521814,
1714080522015,
1714080522214,
1714080522414,
1714080522613,
1714080522812,
1714080523013,
1714080523213,
1714080523411,
1714080523613,
1714080523811,
1714080524012,
1714080524210,
1714080524411,
1714080524611,
1714080524810,
1714080525009,
1714080525210,
1714080525410,
1714080525609,
1714080525809,
1714080526011,
1714080526208,
1714080526408,
1714080526609,
1714080526810,
1714080527010,
1714080527209,
1714080527409,
1714080527609,
1714080527808,
1714080528009,
1714080528209,
1714080528409,
1714080528609,
1714080528810,
1714080529008,
1714080529209,
1714080529409,
1714080529610,
1714080529808,
1714080530008,
1714080530209,
1714080530409,
1714080530609,
1714080530809,
1714080531008,
1714080531208,
1714080531409,
1714080531608,
1714080531810,
1714080532010,
1714080532209,
1714080532410,
1714080532609,
1714080532811,
1714080533010,
1714080533211,
1714080533409,
1714080533610,
1714080533809,
1714080534011,
1714080534211,
1714080534410,
1714080534610,
1714080534809,
1714080535010,
1714080535210,
1714080535412,
1714080535612,
1714080535811,
1714080536012,
1714080536211,
1714080536413,
1714080536612,
1714080536813,
1714080537012,
1714080537213,
1714080537412,
1714080537613,
1714080537812,
1714080538013,
1714080538214,
1714080538420,
1714080538622,
1714080538822,
1714080539021,
1714080539221,
1714080539421,
1714080539622,
1714080539819,
1714080540021,
1714080540220,
1714080540419,
1714080540621,
1714080540820,
1714080541019,
1714080541221,
1714080541420,
1714080541619,
1714080541818,
1714080542019,
1714080542220,
1714080542419,
1714080542619,
1714080542818,
1714080543018,
1714080543218,
1714080543415,
1714080543619,
1714080543816,
1714080544017,
1714080544216,
1714080544418,
1714080544616,
1714080544816,
1714080545015,
1714080545216,
1714080545416,
1714080545627,
1714080545825,
1714080546025,
1714080546225,
1714080546425,
1714080546624,
1714080546824,
1714080547035,
1714080547224,
1714080547424,
1714080547625,
1714080547825,
1714080548023,
1714080548224,
1714080548424,
1714080548623,
1714080548824,
1714080549024,
1714080549223,
1714080549422,
1714080549623,
1714080549822,
1714080550023,
1714080550221,
1714080550422,
1714080550622,
1714080550822,
1714080551023,
1714080551222,
1714080551423,
1714080551622,
1714080551822,
1714080552023,
1714080552222,
1714080552423,
1714080552622,
1714080552821,
1714080553020,
1714080553222,
1714080553419,
1714080553620,
1714080553820,
1714080554021,
1714080554219,
1714080554419,
1714080554620,
1714080554820,
1714080555020,
1714080555220,
1714080555420,
1714080555621,
1714080555821,
1714080556021,
1714080556221,
1714080556420,
1714080556619,
1714080556820,
1714080557020,
1714080557220,
1714080557421,
1714080557619,
1714080557820,
1714080558020,
1714080558221,
1714080558419,
1714080558620,
1714080558822,
1714080559019,
1714080559221,
1714080559420,
1714080559621,
1714080559821,
1714080560021,
1714080560222,
1714080560422,
1714080560620,
1714080560821,
1714080561022,
1714080561222,
1714080561423,
1714080561631,
1714080561834,
1714080562032,
1714080562231,
1714080562432,
1714080562632,
1714080562833,
1714080563032,
1714080563233,
1714080563432,
1714080563632,
1714080563834,
1714080564032,
1714080564234,
1714080564432,
1714080564633,
1714080564834,
1714080565034,
1714080565234,
1714080565432,
1714080565634,
1714080565832,
1714080566033,
1714080566232,
1714080566434,
1714080566633,
1714080566835,
1714080567032,
1714080567233,
1714080567434,
1714080567634,
1714080567834,
1714080568032,
1714080568234,
1714080568434,
1714080568634,
1714080568833,
1714080569035,
1714080569234,
1714080569434,
1714080569633,
1714080569833,
1714080570033,
1714080570234,
1714080570433,
1714080570634,
1714080570834,
1714080571032,
1714080571234,
1714080571435,
1714080571634,
1714080571834,
1714080572033,
1714080572235,
1714080572444,
1714080572645,
1714080572846,
1714080573047,
1714080573245,
1714080573445,
1714080573644,
1714080573847,
1714080574046,
1714080574244,
1714080574445,
1714080574645,
1714080574846,
1714080575046,
1714080575244,
1714080575445,
1714080575644,
1714080575845,
1714080576044,
1714080576244,
1714080576445,
1714080576643,
1714080576844,
1714080577044,
1714080577243,
1714080577443,
1714080577641,
1714080577843,
1714080578043,
1714080578244,
1714080578442,
1714080578641,
1714080578842,
1714080579040,
1714080579242,
1714080579440,
1714080579642,
1714080579841,
1714080580039,
1714080580241,
1714080580441,
1714080580639,
1714080580841,
1714080581040,
1714080581239,
1714080581439,
1714080581638,
1714080581838,
1714080582037,
1714080582237,
1714080582436,
1714080582636,
1714080582837,
1714080583037,
1714080583235,
1714080583437,
1714080583635,
1714080583836,
1714080584035,
1714080584234,
1714080584434,
1714080584635,
1714080584833,
1714080585035,
1714080585232,
1714080585432,
1714080585634,
1714080585832,
1714080586034,
1714080586233,
1714080586433,
1714080586632,
1714080586833,
1714080587031,
1714080587233,
1714080587431,
1714080587631,
1714080587830,
1714080588032,
1714080588231,
1714080588430,
1714080588630,
1714080588830,
1714080589032,
1714080589231,
1714080589430,
1714080589630,
1714080589832,
1714080590031,
1714080590229,
1714080590431,
1714080590629,
1714080590829,
1714080591030,
1714080591230,
1714080591430,
1714080591630,
1714080591830,
1714080592029,
1714080592240,
1714080592429,
1714080592630,
1714080592829,
1714080593030,
1714080593228,
1714080593430,
1714080593631,
1714080593830,
1714080594029,
1714080594229,
1714080594430,
1714080594631,
1714080594829,
1714080595031,
1714080595229,
1714080595429,
1714080595631,
1714080595829,
1714080596029,
1714080596230,
1714080596431,
1714080596631,
1714080596830,
1714080597029,
1714080597230,
1714080597431,
1714080597632,
1714080597831,
1714080598032,
1714080598232,
1714080598433,
1714080598632,
1714080598832,
1714080599032,
1714080599232,
1714080599432,
1714080599632,
1714080599831,
1714080600033,
1714080600232,
1714080600432,
1714080600633,
1714080600833,
1714080601034,
1714080601234,
1714080601433,
1714080601634,
1714080601833,
1714080602033,
1714080602234,
1714080602444,
1714080602645,
1714080602845,
1714080603044,
1714080603245,
1714080603447,
1714080603645,
1714080603845,
1714080604046,
1714080604245,
1714080604446,
1714080604645,
1714080604846,
1714080605044,
1714080605245,
1714080605445,
1714080605645,
1714080605846,
1714080606046,
1714080606244,
1714080606445,
1714080606647,
1714080606846,
1714080607045,
1714080607245,
1714080607446,
1714080607646,
1714080607845,
1714080608046,
1714080608246,
1714080608446,
1714080608645,
1714080608845,
1714080609046,
1714080609244,
1714080609446,
1714080609644,
1714080609845,
1714080610045,
1714080610244,
1714080610444,
1714080610643,
1714080610844,
1714080611045,
1714080611244,
1714080611445,
1714080611643,
1714080611844,
1714080612044,
1714080612244,
1714080612444,
1714080612644,
1714080612843,
1714080613043,
1714080613243,
1714080613444,
1714080613643,
1714080613844,
1714080614043,
1714080614243,
1714080614445,
1714080614644,
1714080614843,
1714080615045,
1714080615243,
1714080615443,
1714080615644,
1714080615844,
1714080616044,
1714080616244,
1714080616445,
1714080616643,
1714080616844,
1714080617045,
1714080617243,
1714080617444,
1714080617644,
1714080617844,
1714080618046,
1714080618244,
1714080618444,
1714080618643,
1714080618843,
1714080619044,
1714080619244,
1714080619444,
1714080619645,
1714080619844,
1714080620046,
1714080620244,
1714080620446,
1714080620644,
1714080620844,
1714080621043,
1714080621244,
1714080621444,
1714080621644,
1714080621845,
1714080622045,
1714080622244,
1714080622443,
1714080622646,
1714080622844,
1714080623044,
1714080623244,
1714080623445,
1714080623643,
1714080623844,
1714080624045,
1714080624245,
1714080624446,
1714080624642,
1714080624824